013,345
025,678
036,158
045,236
059,987
066,123
073,345
085,678
096,158
105,236
119,987
126,123
133,345
145,678
156,158
165,236
179,987
186,123
193,345
205,678
216,158
225,236
239,987
246,123
253,345
265,678
276,158
285,236
299,987
306,123
313,345
325,678
336,158
345,236
359,987
366,123
373,345
385,678
396,158
405,236
419,987
426,123
433,345
245,678
156,158
235,236
189,987
256,123
123,345
245,678
156,158
235,236
189,987
256,123
123,345
245,678
156,158
235,236
189,987
256,123
123,345
245,678
156,158
235,236
189,987
256,123
123,345
245,678
156,158
235,236
189,987
256,123
123,345
245,678
156,158
235,236
189,987
256,123
123,345
245,678
156,158
235,236
189,987
256,123
123,345
245,678
156,158
235,236
189,987
256,123
123,345
245,678
156,158
235,236
189,987
256,123
123,345
245,678
156,158
235,236
189,987
256,123
123,345
245,678
156,158
235,236
189,987
256,123
123,345
245,678
156,158
235,236
189,987
256,123
123,345
245,678
156,158
235,236
189,987
256,123
123,345
245,678
156,158
235,236
189,987
256,123
123,345
245,678
156,158
235,236
189,987
256,123
123,345
245,678
156,158
235,236
189,987
256,123
123,345
245,678
156,158
235,236
189,987
256,123
123,345
245,678
156,158
235,236
189,987
256,123
123,345
245,678
156,158
235,236
189,987
256,123
123,345
245,678
156,158
235,236
189,987
256,123
123,345
245,678
156,158
235,236
189,987
256,123
123,345
245,678
156,158
235,236
189,987
256,123
123,345
245,678
156,158
235,236
189,987
256,123
123,345
245,678
156,158
235,236
189,987
256,123
123,345
245,678
156,158
235,236
189,987
256,123
123,345
245,678
156,158
235,236
189,987
256,123
123,345
245,678
156,158
235,236
189,987
256,123
123,345
245,678
156,158
235,236
189,987
256,123
123,345
245,678
156,158
235,236
189,987
256,123
123,345
245,678
156,158
235,236
189,987
256,123
123,345
245,678
156,158
235,236
189,987
256,123
123,345
245,678
156,158
235,236
189,987
256,123
123,345
245,678
156,158
235,236
189,987
256,123
123,345
245,678
156,158
235,236
189,987
256,123
123,345
245,678
156,158
235,236
189,987
256,123
123,345
245,678
156,158
235,236
189,987
256,123
123,345
245,678
156,158
235,236
189,987
256,123
123,345
245,678
156,158
235,236
189,987
256,123
123,345
245,678
156,158
235,236
189,987
256,123
123,345
245,678
156,158
235,236
189,987
256,123
123,345
245,678
156,158
235,236
189,987
256,123
123,345
245,678
156,158
235,236
189,987
256,123
123,345
245,678
156,158
235,236
189,987
256,123
123,345
245,678
156,158
235,236
189,987
256,123
123,345
245,678
156,158
235,236
189,987
256,123
123,345
245,678
156,158
235,236
189,987
256,123
123,345
245,678
156,158
235,236
189,987
256,123
123,345
245,678
156,158
235,236
189,987
256,123
123,345
245,678
156,158
235,236
189,987
256,123

